image: map_floor.pgm
resolution: 0.050000
origin: [-44.200000, -38.000000, 0.000000]
negate: 0
occupied_thresh: 0.65
free_thresh: 0.196

